0 58 incomeStudyAreaONS ONS_ID
3 93         1.65826038
3 912         1.81752689
6 7         1.34092289
7 6         1.34092289
903 83         1.56177503
903 87         1.72276513
903 932         1.87461659
52 45         1.52425041
52 38         1.55328225
905 950         1.27584425
905 16         1.80806597
905 941        0.699065199
11 910         1.53968039
11 31         1.59305029
12 108         1.91086845
12 100         1.16976165
12 88        0.982255404
12 54         1.81957871
12 23         1.86648127
16 950          1.8400312
16 90         1.59251262
16 941         1.53093473
16 905         1.80806597
18 950         1.95110421
18 28         1.33880314
18 958         1.87801277
931 910          1.0873961
931 958         1.58829824
910 11         1.53968039
910 931          1.0873961
912 86         2.00712537
912 3         1.81752689
23 31         1.76985366
23 108         1.43423569
23 54         1.26774619
23 12         1.86648127
24 82         1.82400917
24 923         1.66543631
24 957         1.65126536
24 908         1.76525169
24 949         1.70664975
950 16          1.8400312
950 18         1.95110421
950 941        0.626570633
950 905         1.27584425
28 18         1.33880314
31 11         1.59305029
31 99         1.48162131
31 23         1.76985366
38 52         1.55328225
923 82         1.55789086
923 83         1.22021162
923 24         1.66543631
923 957         1.48956045
45 50         1.88942426
45 97        0.840274079
45 932         1.75403423
45 52         1.52425041
46 919         1.44060933
46 917        0.609294992
47 957         1.20298239
47 55         1.15606896
49 927         1.50479437
54 106         1.06074127
54 23         1.26774619
54 12         1.81957871
55 47         1.15606896
55 958         1.29602494
932 87         1.64351583
932 903         1.87461659
932 45         1.75403423
932 97        0.966944982
933 908         1.51463664
933 934         1.09482779
933 953         1.63460975
933 948         1.22411196
934 908         0.93163875
934 949         1.13455865
934 953         1.61705964
934 933         1.09482779
940 954         1.21918462
87 919         1.39500238
87 903         1.72276513
87 932         1.64351583
88 100         1.88039711
88 12        0.982255404
90 16         1.59251262
949 82         1.68491918
949 24         1.70664975
949 908         1.55631332
949 934         1.13455865
100 108         1.62917617
100 88         1.88039711
100 12         1.16976165
97 45        0.840274079
97 932        0.966944982
99 31         1.48162131
99 65         1.93913318
954 935         1.69161305
954 940         1.21918462
954 953        0.931602848
957 24         1.65126536
957 923         1.48956045
957 47         1.20298239
958 55         1.29602494
958 18         1.87801277
958 931         1.58829824
106 906          1.2719925
106 54         1.06074127
108 100         1.62917617
108 23         1.43423569
108 12         1.91086845
948 935          1.7561694
948 953         1.56354573
948 933         1.22411196
953 935          1.4506679
953 934         1.61705964
953 954        0.931602848
953 933         1.63460975
953 948         1.56354573
50 45         1.88942426
917 919         1.22434597
917 46        0.609294992
919 947         1.96352749
919 917         1.22434597
919 46         1.44060933
919 87         1.39500238
65 99         1.93913318
93 3         1.65826038
927 49         1.50479437
906 106          1.2719925
908 24         1.76525169
908 949         1.55631332
908 934         0.93163875
908 933         1.51463664
83 903         1.56177503
83 923         1.22021162
82 947         1.55031462
82 24         1.82400917
82 923         1.55789086
82 949         1.68491918
86 912         2.00712537
941 950        0.626570633
941 16         1.53093473
941 905        0.699065199
947 82         1.55031462
947 919         1.96352749
935 954         1.69161305
935 953          1.4506679
935 948          1.7561694
