0 58 incomeStudyAreaONS ONS_ID
3 954         4.29371812
3 912         1.81752689
3 935         4.12107026
3 93         1.65826038
3 86         2.06677079
3 940         3.91263288
6 54         4.68604428
6 100         2.67192512
6 108         4.30051672
6 7         1.34092289
6 88         2.60437341
6 12         2.98403187
7 106         5.93709285
7 100         3.96676841
7 108         5.59285867
7 6         1.34092289
7 88         3.87244848
7 12         4.32197906
903 923         2.66433976
903 932         1.87461659
903 90           2.191327
903 83         1.56177503
903 87         1.72276513
903 947         2.17048287
52 49         3.24897704
52 932         3.12785882
52 50         2.62474314
52 38         1.55328225
52 45         1.52425041
52 97         2.16314169
905 927         2.64580945
905 31         2.08447104
905 99         2.38878256
905 950         1.27584425
905 941        0.699065199
905 16         1.80806597
11 23         2.30573771
11 950         2.22530757
11 931         2.23825985
11 31         1.59305029
11 910         1.53968039
11 54         2.05105856
12 106         2.27992873
12 23         1.86648127
12 108         1.91086845
12 54         1.81957871
12 88        0.982255404
12 100         1.16976165
16 28         2.31987744
16 950          1.8400312
16 927         2.27603116
16 90         1.59251262
16 905         1.80806597
16 941         1.53093473
18 910         2.54285519
18 950         1.95110421
18 11         2.37049411
18 28         1.33880314
18 958         1.87801277
18 931         2.02422698
931 55          2.8842181
931 18         2.02422698
931 906         2.86866341
931 958         1.58829824
931 910          1.0873961
931 11         2.23825985
910 18         2.54285519
910 906         2.07576536
910 54         2.44619431
910 11         1.53968039
910 931          1.0873961
910 106         2.18784206
912 93         2.73166938
912 954         2.48498239
912 935           2.642375
912 3         1.81752689
912 86         2.00712537
912 940         2.16752118
23 11         2.30573771
23 108         1.43423569
23 99         2.16715986
23 54         1.26774619
23 31         1.76985366
23 12         1.86648127
24 934         2.23338297
24 82         1.82400917
24 908         1.76525169
24 923         1.66543631
24 957         1.65126536
24 949         1.70664975
950 28         2.15415447
950 18         1.95110421
950 31         2.09686585
950 16          1.8400312
950 905         1.27584425
950 941        0.626570633
28 47         2.74656266
28 950         2.15415447
28 958         2.66886623
28 18         1.33880314
28 16         2.31987744
28 941         2.54266829
31 941         2.17130909
31 905         2.08447104
31 950         2.09686585
31 23         1.76985366
31 99         1.48162131
31 11         1.59305029
38 927         3.33965733
38 932         3.29494115
38 97         2.51666666
38 49         2.09394558
38 52         1.55328225
38 45         2.37149131
923 47         2.66920382
923 903         2.66433976
923 24         1.66543631
923 83         1.22021162
923 957         1.48956045
923 82         1.55789086
45 87         2.75371757
45 38         2.37149131
45 50         1.88942426
45 97        0.840274079
45 52         1.52425041
45 932         1.75403423
46 947         3.36220615
46 919         1.44060933
46 86         3.12098393
46 917        0.609294992
46 87         2.47938864
46 50           2.673336
47 28         2.74656266
47 958           2.344151
47 923         2.66920382
47 957         1.20298239
47 55         1.15606896
47 24         2.60774391
49 45         3.05633655
49 97         2.55726415
49 932         2.71426463
49 927         1.50479437
49 38         2.09394558
49 90         2.63348804
54 906          2.2931413
54 12         1.81957871
54 88         2.15004531
54 23         1.26774619
54 106         1.06074127
54 11         2.05105856
55 931          2.8842181
55 957         2.32333182
55 28         2.80341332
55 958         1.29602494
55 47         1.15606896
55 18         2.62263442
932 90         2.74782945
932 45         1.75403423
932 49         2.71426463
932 97        0.966944982
932 87         1.64351583
932 903         1.87461659
933 954         2.51545158
933 953         1.63460975
933 949         2.21357518
933 934         1.09482779
933 948         1.22411196
933 908         1.51463664
934 954          2.2013658
934 953         1.61705964
934 948         2.13453221
934 933         1.09482779
934 949         1.13455865
934 908         0.93163875
940 935         2.70993049
940 912         2.16752118
940 947         2.58740664
940 953         2.13139567
940 954         1.21918462
940 949         2.54369459
87 46         2.47938864
87 903         1.72276513
87 97         2.29856646
87 919         1.39500238
87 932         1.64351583
87 947         2.12201205
88 23          2.6601365
88 6         2.60437341
88 106         2.12524213
88 12        0.982255404
88 54         2.15004531
88 100         1.88039711
90 932         2.74782945
90 49         2.63348804
90 927          2.7252949
90 903           2.191327
90 16         1.59251262
90 83         2.28025928
949 954         2.16124375
949 953         2.05706479
949 24         1.70664975
949 934         1.13455865
949 908         1.55631332
949 82         1.68491918
100 54         2.84132803
100 6         2.67192512
100 88         1.88039711
100 23         2.41025058
100 12         1.16976165
100 108         1.62917617
97 38         2.51666666
97 87         2.29856646
97 50         2.51292487
97 45        0.840274079
97 932        0.966944982
97 52         2.16314169
99 941         2.85273477
99 108         2.24766822
99 905         2.38878256
99 23         2.16715986
99 65         1.93913318
99 31         1.48162131
954 948         2.45536215
954 934          2.2013658
954 949         2.16124375
954 940         1.21918462
954 953        0.931602848
954 935         1.69161305
957 82         2.78044646
957 24         1.65126536
957 83         2.50772018
957 923         1.48956045
957 47         1.20298239
957 55         2.32333182
958 28         2.66886623
958 910         2.65878456
958 47           2.344151
958 18         1.87801277
958 55         1.29602494
958 931         1.58829824
106 23         2.32450773
106 12         2.27992873
106 910         2.18784206
106 88         2.12524213
106 54         1.06074127
106 906          1.2719925
108 31         2.73548286
108 100         1.62917617
108 54         2.51677928
108 23         1.43423569
108 12         1.91086845
108 99         2.24766822
948 908         2.73147022
948 934         2.13453221
948 954         2.45536215
948 933         1.22411196
948 953         1.56354573
948 935          1.7561694
953 949         2.05706479
953 933         1.63460975
953 934         1.61705964
953 948         1.56354573
953 954        0.931602848
953 935          1.4506679
50 932         3.07336692
50 87         3.07025092
50 52         2.62474314
50 46           2.673336
50 97         2.51292487
50 45         1.88942426
917 50         3.24916191
917 919         1.22434597
917 947         2.97850262
917 46        0.609294992
917 87         2.51000892
917 86         2.68485683
919 932         2.99503377
919 46         1.44060933
919 903         2.84961579
919 87         1.39500238
919 917         1.22434597
919 947         1.96352749
65 941         4.09325654
65 31         3.38959323
65 23         3.87687247
65 108         3.29558919
65 99         1.93913318
65 905          3.4340172
93 940         4.86207584
93 912         2.73166938
93 954         4.84461443
93 3         1.65826038
93 86         3.69499213
93 935         4.05739438
927 38         3.33965733
927 941         2.99748889
927 90          2.7252949
927 905         2.64580945
927 49         1.50479437
927 16         2.27603116
906 11         3.09334856
906 54          2.2931413
906 88         3.03001002
906 910         2.07576536
906 106          1.2719925
906 931         2.86866341
908 948         2.73147022
908 953         2.53486131
908 24         1.76525169
908 933         1.51463664
908 934         0.93163875
908 949         1.55631332
83 947         2.53010015
83 82         2.03022892
83 957         2.50772018
83 923         1.22021162
83 903         1.56177503
83 90         2.28025928
82 903         2.69339169
82 24         1.82400917
82 83         2.03022892
82 923         1.55789086
82 947         1.55031462
82 949         1.68491918
86 919         3.60557983
86 940         3.02608518
86 46         3.12098393
86 912         2.00712537
86 3         2.06677079
86 917         2.68485683
941 18         2.54804741
941 28         2.54266829
941 16         1.53093473
941 905        0.699065199
941 31         2.17130909
941 950        0.626570633
947 940         2.58740664
947 903         2.17048287
947 83         2.53010015
947 919         1.96352749
947 82         1.55031462
947 87         2.12201205
935 940         2.70993049
935 912           2.642375
935 948          1.7561694
935 933         2.61969434
935 953          1.4506679
935 954         1.69161305
